Starting Job NeuroLKH comparer
Successes Best Avgerage Trials_Min Trials_Avg Time
------kroB150------
(2, 26130.0, 26131.6, 23.0, 128.4, 0.34)
(10, 26130.0, 26130.0, 1.0, 9.8, 0.07)
(10, 26130.0, 26130.0, 1.0, 22.1, 0.13)
------rat195------
(9, 2323.0, 2323.5, 1.0, 55.0, 0.22)
(10, 2323.0, 2323.0, 1.0, 8.4, 0.11)
(10, 2323.0, 2323.0, 1.0, 3.9, 0.1)
------pr299------
(9, 48191.0, 48194.3, 1.0, 51.7, 0.49)
(10, 48191.0, 48191.0, 1.0, 10.1, 0.26)
(10, 48191.0, 48191.0, 1.0, 13.2, 0.36)
------d493------
(6, 35002.0, 35002.8, 1.0, 219.6, 4.85)
(6, 35002.0, 35032.2, 46.0, 320.5, 9.93)
(10, 35002.0, 35002.0, 3.0, 27.5, 1.03)
------rat575------
(2, 6773.0, 6773.8, 185.0, 526.9, 3.35)
(9, 6773.0, 6773.1, 24.0, 179.0, 2.64)
(7, 6773.0, 6773.3, 21.0, 345.3, 4.21)
------pr1002------
(8, 259045.0, 259045.6, 26.0, 549.0, 4.53)
(10, 259045.0, 259045.0, 4.0, 330.6, 9.4)
(10, 259045.0, 259045.0, 1.0, 34.0, 1.05)
------u1060------
(5, 224094.0, 224107.5, 28.0, 663.3, 134.54)
(10, 224094.0, 224094.0, 5.0, 206.9, 48.84)
(10, 224094.0, 224094.0, 8.0, 75.4, 12.04)
------vm1084------
(3, 239297.0, 239372.6, 7.0, 824.1, 47.65)
(1, 239297.0, 239379.5, 533.0, 1028.9, 35.48)
(7, 239297.0, 239315.1, 20.0, 439.7, 31.08)
------pcb1173------
(4, 56892.0, 56895.0, 2.0, 844.0, 5.67)
(9, 56892.0, 56892.5, 49.0, 410.4, 7.53)
(8, 56892.0, 56893.0, 14.0, 378.2, 8.58)
------rl1304------
(3, 252948.0, 253156.4, 415.0, 1170.0, 18.78)
(10, 252948.0, 252948.0, 2.0, 236.6, 5.51)
(8, 252948.0, 252958.2, 2.0, 600.6, 15.12)
Finished